--------------------------
SBTS DATA PROJECT SUMMARY
--------------------------
Total orders: 146
Total revenue : NGN 18,465,248
--------------------------
Orders per sales rep:
Sales Rep
Femi Adeyemi      31
Ibrahim Sule      27
Grace Nwosu       24
Chinedu Okafor    23
Ada Bello         21
Kemi Afolabi      15
-------------------------
Orders per service:
-------------------------
Service
Network Setup          30
IT Support Retainer    28
Consulting             23
Cloud Hosting          22
Backup Service         21
Server Maintenance     17
-------------------------
Orders per Order ID (should mostly be 1 after deduping):
-------------------------
Order ID
--------
1001    2
1062    1
1007    1
1036    1
1006    1
1140    1
1053    1
1081    1
1021    1
1045    1
1065    1
1060    1
1092    1
1119    1
1047    1
1023    1
1073    1
1033    1
1113    1
1082    1
1115    1
1121    1
1123    1
1074    1
1067    1
1104    1
1015    1
1026    1
1111    1
1098    1
1128    1
1016    1
1040    1
1095    1
1108    1
1076    1
1137    1
1071    1
1101    1
1134    1
1127    1
1009    1
1109    1
1014    1
1086    1
1116    1
1088    1
1075    1
1072    1
1004    1
1126    1
1079    1
1124    1
1106    1
1093    1
1052    1
1011    1
1069    1
1032    1
1096    1
1008    1
1136    1
1099    1
1020    1
1054    1
1063    1
1058    1
1031    1
1100    1
1105    1
1114    1
1083    1
1103    1
1028    1
1039    1
1024    1
1018    1
1035    1
1077    1
1070    1
1107    1
1097    1
1002    1
1130    1
1027    1
1068    1
1005    1
1048    1
1120    1
1043    1
1139    1
1037    1
1056    1
1087    1
1012    1
1102    1
1059    1
1061    1
1042    1
1041    1
1078    1
1133    1
1055    1
1122    1
1034    1
1094    1
1038    1
1066    1
1029    1
1046    1
1025    1
1085    1
1125    1
1084    1
1030    1
1112    1
1057    1
1132    1
1090    1
1138    1
1118    1
1129    1
1050    1
1003    1
1080    1
1049    1
1117    1
1051    1
1135    1
1017    1
1010    1
1091    1
1064    1
1013    1
1044    1
1131    1
1022    1
1089    1
1110    1
1019    1
---------------------------
Max transaction: NGN 304,458
---------------------------
Min transaction: NGN 43,029
---------------------------
Average transaction: NGN 135,774
---------------------------
Number of Pending Clients:33
--------------------------
Number of Cancelled Orders:25
--------------------------
Number of Paid Orders:40